c=37;
f=9*c/5 + 32

