N1 = [2:2:10]

N2 = [0.5:0.5:2.5]

x = [1 1 1 1 1];
n = [1:5];
N3 = x./n

N4 = x./n.^2
